211
239
271
272
273
274
277
278
279
280
282
283
285
287
288
289
290
291
292
293
294
297
298
299
305
310
311
314
317
318
324
325
326
327
332
334
335
337
338
339
340
344
352
353
354
367
368
369
370
381
382
384
385
386
389
390
392
393
394
395
396
397
398
399
401
403
407
409
410
411
414
415
418
419
420
422
424
425
427
428
430
431
432
433
434
435
436
437
438
439
440
442
443
446
449
450
452
453
454
455
458
459
461
463
464
466
469
470
471
472
476
477
478
481
482
489
490
491
494
495
498
501
502
503
507
508
509
510
511
512
513
514
515
516
517
519
520
521
522
523
528
530
532
533
534
535
537
540
542
543
546
547
550
551
553
555
557
558
559
560
561
562
563
566
568
570
571
572
573
574
576
577
578
579
581
582
583
588
589
590
591
593
594
595
596
597
598
599
601
602
603
604
605
606
607
608
609
610
611
612
614
616
617
618
619
620
622
630
631
632
633
634
635
636
638
640
641
642
643
644
645
646
647
648
649
651
652
653
654
656
657
658
659
660
663
664
665
667
668
669
670
671
672
673
674
675
678
679
680
682
683
686
687
688
689
690
691
692
693
694
695
696
699
700
701
703
707
709
710
711
712
717
719
728
731
732
733
734
736
738
754
760
765
767
768
770
771
772
774
775
781
783
784
785
789
790
791
793
797
801
802
804
805
808
810
811
813
814
816
817
818
819
820
821
823
824
825
826
829
831
832
834
835
836
837
838
839
842
844
846
848
849
850
851
852
853
854
856
857
858
859
860
862
863
864
865
867
868
869
871
872
873
874
878
880
881
884
887
890
891
892
895
898
899
901
902
903
904
905
908
910
911
912
913
930
934
935
936
937
938
939
941
943
945
946
947
948
949
950
956
958
959
963
965
967
968
969
970
976
978
980
982
983
984
985
986
987
989
990
994
995
996
997
998